144510
139550
137100
131370
131360
140290
152560
157480
157310
146040
138140
137200
143990
136740
135950
133010
133080
141930
151510
158110
153620
141360
135780
140850
149390
142970
140750
135830
133570
143000
154200
160900
157740
141820
139260
147650
160540
153550
147460
142310
141800
149040
163010
168630
164410
150980
150740
162770
172350
165300
156200
147930
148600
159290
175000
178590
172260
159350
151310
162180
176649
169927
163406
150385
151504
165519
179114
184223
182638
166722
159126
168709
185387
181515
173249
161557
159551
166860
178339
187309
179640
165948
162271
169473
179585
178721
174373
161701
154851
164872
185882
196464
190139
170080
162174
175607
191950
182210
172830
163520
163170
178830
197810
198460
186250
171350
165020
175710
192080
182810
173960
164510
158570
168740
183570
189740
178300
163420
160480
170280
179180
173460
167580
163810
158920
171600
194150
208120
201920
176310
170470
185430
207250
190870
186070
175350
175540
189760
204470
209050
199020
182290
178590
187540
202600
202270
186110
178530
178780
190310
205200
210660
206260
184730
180230
198300
210260
195150
188990
178470
179570
197390
219270
218390
204300
194190
181790
200970
209720
198220
193650
184760
189110
207920
229300
235510
216520
197230
190330
205000
225770
215080
205160
192620
191480
213000
237530
250490
226310
205510
199130
216000
225620
214980
216620
201930
201920
221790
240290
243640
231940
211490
205740
230850
240880
213400
214120
205170
208220
226990
251530
252070
245080
222300
209920
222880
241250
219190
214230
206370
217320
237960
256930
258200
244420
221560
216710
227860
238760
226230
220010
211960
213690
227280
253090
252990
239990
224790
218510
236070
243250
228480
232670
215830
214570
237350
270210
273830
252690
228330
222940
241320
259860
238850
231780
220070
222050
252720
278010
272840
254880
233760
226530
243220
255280
239140
236470
221860
229590
255010
281550
299000
265990
241050
235480
252880
272180
256100
249030
230340
239670
265900
285970
289870
268020
245230
240790
258020
275270
250780
243550
234760
236770
261420
296260
294360
278720
262860
246560
264300
271100
249260
253680
239550
253680
283990
313520
318650
297100
266300
250010
267390
283530
251150
260770
246790
254360
284730
324310
322980
294800
265400
252530
270730
287760
272100
262420
249170
269260
299760
317570
330730
303690
272840
264120
291990
310850
272320
269320
254330
264440
289980
315850
332260
296040
267600
252940
268540
290970
263730
267460
257950
269320
296470
337280
338110
310500
284180
263030
286460
304260
282240
274470
256710
268790
290450
334210
341820
306590
277380
262980
293840
307860
286430
278180
262850
279040
307770
333910
330930
308570
281740
270160
300050
309080
279510
286790
264170
273500
319380
355510
362540
330920
297630
274590
307340
304870
281050
289970
268210
287200
321840
362390
368630
317280
291190
277180
300120
315100
301330
291660
275340
292800
323010
352640
373360
337520
307780
286300
307700
326260
305020
294650
278090
288160
328170
360260
351900
322460
291750
278040
308200
321380
286870
283770
265770
275190
304960
338010
345050
311060
287350
267880
309590
331840
298440
292510
267030
283710
330890
369010
371730
327710
287810
274870
318940
334080
296880
292040
275190
288030
328740
370690
372750
326260
288140
275220
301830
310810
286180
282610
270350
295420
324460
370210
363980
317870
290040
279180
295670
317480
288680
294500
275030
285910
317420