2.232957143
2.259785714
2.2795
2.270971429
2.263957143
2.297785714
2.302214286
2.279485714
2.277642857
2.233071429
2.219828571
2.186928571
2.177285714
2.144214286
2.183071429
2.211214286
2.261357143
2.262357143
2.275
2.287142857
2.323642857
2.3495
2.3267
2.340571429
2.334842857
2.342457143
2.3526
2.3768
2.374442857
2.388571429
2.349528571
2.3654
2.376328571
2.366142857
2.387928571
2.412357143
2.410285714
2.3879
2.396814286
2.388485714
2.398414286
2.410442857
2.437285714
2.437285714
2.432
2.404642857
2.374357143
2.357928571
2.342457143
2.329142857
2.3305
2.368
2.382857143
2.405428571
2.3955
2.410642857
2.388514286
2.345142857
2.315142857
2.289642857
2.2205
2.195
2.2185
2.261928571
2.242928571
2.217
2.188428571
2.158257143
2.168742857
2.147214286
2.114042857
2.0794
2.075885714
2.068071429
1.977071429
1.953
1.983685714
1.967
1.905571429
1.890857143
1.879928571
1.859114286
1.851214286
1.795714286
1.7955
1.853142857
1.843857143
1.841714286
1.794071429
1.829928571
1.805928571
1.808785714
1.881714286
1.849857143
1.822357143
1.836828571
1.874357143
1.891642857
1.902785714
1.935171429
1.944357143
1.901328571
1.8795
1.888
1.907571429
1.920471429
1.871642857
1.878885714
1.871785714
1.861857143
1.849714286
1.846528571
1.828671429
1.828171429
1.805142857
1.803528571
1.795685714
1.784928571
1.757242857
1.7624
1.773428571
1.787857143
1.816085714
1.828642857
1.799785714
1.795971429
1.793028571
1.776285714
1.746528571
1.726142857
1.731
1.721328571
1.7245
1.753857143
1.7451
1.726757143
1.699928571
1.725928571
1.748428571
1.725142857
1.720685714
1.7094
1.711142857
1.695757143
1.697042857
1.707857143
1.700285714
1.680042857
1.671214286
1.655885714
1.616428571
1.594242857
1.632314286
1.617285714
1.608214286
1.602428571
1.617357143
1.614571429
1.581357143
1.573357143
1.538914286
1.522171429
1.540285714
1.5435
1.5295
1.5095
1.505514286
1.499685714
1.463328571
1.470257143
1.504328571
1.5417
1.547
1.562442857
1.577514286
1.566871429
1.556342857
1.5881
1.581271429
1.572557143
1.527528571
1.538
1.531957143
1.5375
1.524685714
1.521157143
1.522757143
1.494928571
1.484242857
1.512685714
1.514014286
1.4966
1.494028571
1.498214286
1.504085714
1.498928571
1.494971429
1.502671429
1.500642857
1.496342857
1.4884
1.4885
1.476985714
1.464642857
1.458728571
1.440214286
1.418385714
1.425885714
1.443071429
1.418714286
1.404228571
1.409071429
1.402871429
1.419157143
1.4157
1.440828571
1.459785714
1.482285714
1.469928571
1.454742857
1.435942857
1.4435
1.430428571
1.430571429
1.418214286
1.406071429
1.4045
1.384357143
1.389085714
1.383857143
1.392642857
1.396185714
1.3825
1.367242857
1.354028571
1.327342857
1.314928571
1.322228571
1.319828571
1.315185714
1.312357143
1.319685714
1.309928571
1.3095
1.2835
1.270857143
1.238142857
1.238
1.240928571
1.2275
1.196414286
1.217571429
1.2325
1.265742857
1.259357143
1.228657143
1.200242857
1.204042857
1.195814286
1.176471429
1.166928571
1.153571429
1.133928571
1.117814286
1.114428571
1.1219
1.111671429
1.097071429
1.084628571
1.069857143
1.0648
1.085071429
1.156714286
1.217928571
1.204571429
1.234357143
1.285614286
1.230214286
1.219428571
1.221685714
1.263357143
1.264571429
1.272571429
1.271714286
1.270114286
1.288914286
1.298642857
1.316485714
1.375785714
1.398385714
1.404828571
1.393471429
1.354214286
1.392928571
1.398685714
1.396328571
1.353257143
1.3235
1.351071429
1.420071429
1.414857143
1.412142857
1.418542857
1.426357143
1.438171429
1.424985714
1.420514286
1.442928571
1.478271429
1.481071429
1.436642857
1.427142857
1.431428571
1.441928571
1.4474
1.438842857
1.400571429
1.406714286
1.392571429
1.414628571
1.441085714
1.466214286
1.452928571
1.458257143
1.487385714
1.475714286
1.460214286
1.466642857
1.507314286
1.531714286
1.536171429
1.541
1.533114286
1.503885714
1.487057143
1.494214286
1.519285714
1.503571429
1.519857143
1.542928571
1.516671429
1.502428571
1.488857143
1.486357143
1.475642857
1.490171429
1.493728571
1.484257143
1.4951
1.4785
1.475685714
1.442171429
1.440757143
1.430385714
1.434571429
1.422614286
1.406757143
1.4225
1.430385714
1.421171429
1.428885714
1.431185714
1.424728571
1.431357143
1.455
1.481685714
1.4755
1.505471429
1.520857143
1.525357143
1.515557143
1.522285714
1.527514286
1.542285714
1.576114286
1.582385714
1.599457143
1.606828571
1.607428571
1.620114286
1.630071429
1.642914286
1.663957143
1.679328571
1.673057143
1.678185714
1.633428571
1.632414286
1.653614286
1.625428571
1.608514286
1.610657143
1.616328571
1.616114286
1.600714286
1.594714286
1.572557143
1.5803
1.618828571
1.627314286
1.648714286
1.651285714
1.648085714
1.641871429
1.624985714
1.641528571
1.658314286
1.665785714
1.711142857
1.765385714
1.775357143
1.7716
1.797071429
1.808014286
1.819457143
1.830414286
1.829528571
1.874714286
1.821114286
1.800985714
1.784171429
1.773585714
1.7604
1.748285714
1.7465
1.7682
1.773071429
1.843814286
1.8355
1.834528571
1.880042857
1.876942857
1.869285714
1.893642857
1.876614286
1.865671429
1.886357143
1.867
1.861142857
1.8141
1.813642857
1.788714286
1.752757143
1.705528571
1.7059
1.679171429
1.717071429
1.716614286
1.702985714
1.701614286
1.704085714
1.686457143
1.682214286
1.697385714
1.681771429
1.674614286
1.6839
1.696642857
1.736714286
1.757071429
1.762571429
1.769971429
1.788285714
1.815142857
1.837328571
1.8512
1.853342857
1.8229
1.804157143
1.801142857
1.796428571
1.775485714
1.765242857
1.765742857
1.748657143
1.748028571
1.770014286
1.756528571
1.729371429
1.7182
1.716371429
1.718842857
1.689957143
1.698214286
1.695842857
1.714714286
1.693128571
1.6787
1.663728571
1.623671429
1.580314286
1.580928571
1.566885714
1.525228571
1.556928571
1.552185714
1.6094
1.621857143
1.620614286
1.640842857
1.638328571
1.604714286
1.571285714
1.5741
1.568028571
1.548214286
1.545642857
1.575785714
1.613385714
1.6064
1.564
1.586828571
1.592185714
1.5733
1.580185714
1.574657143
1.563142857
1.565142857
1.5726
1.599671429
1.611471429
1.618257143
1.625114286
1.662
1.651428571
1.653028571
1.680828571
1.694357143
1.694428571
1.708457143
1.670314286
1.631942857
1.615371429
1.604042857
1.635657143
1.637928571
1.638971429
1.636028571
1.635471429
1.649228571
1.676528571
1.686442857
1.690542857
1.686385714
1.684128571
1.702428571
1.725785714
1.740442857
1.780342857
1.805042857
1.813314286
1.824471429
1.853928571
1.871442857
1.904471429
1.936528571
1.919657143
1.889114286
1.880185714
1.874685714
1.878085714
1.922271429
1.967542857
1.957542857
1.953785714
1.950914286
1.967642857
1.963642857
1.968742857
1.954214286
1.943142857
1.940914286
1.905214286
1.9062
1.935285714
1.903114286
1.928742857
1.956514286
1.969471429
1.990085714
1.978871429
1.950757143
1.909014286
1.878071429
1.8458
1.785442857
1.748242857
1.770228571
1.782642857
1.748942857
1.691685714
1.7119
1.718742857
1.726542857
1.732985714
1.714971429
1.681857143
1.640742857
1.623814286
1.6273
1.6123
1.632885714
1.672657143
1.681328571
1.683871429
1.7056
1.672114286
1.671328571
1.683328571
1.702185714
1.731128571
1.733814286
1.738514286
1.746942857
1.717642857
1.716242857
1.710314286
1.742714286
1.768514286
1.7801
1.795642857
1.773742857
1.794471429
1.812428571
1.842914286
1.876571429
1.864614286
1.836485714
1.785328571
1.797342857
1.790314286
1.819228571
1.783785714
1.746285714
1.752371429
1.725457143
1.7138
1.7175
1.728671429
1.737714286
1.757814286
1.752728571
1.766414286
1.777357143
1.792614286
1.8196
1.8238
1.8216
1.826057143
1.844428571
1.8584
1.886885714
1.908957143
1.920071429
1.936214286
1.909814286
1.924228571
1.919271429
1.924485714
1.943957143
1.984071429
1.995714286
1.941057143
1.7839
1.7096
1.743185714
1.704242857
1.677514286
1.6179
1.564442857
1.540371429
1.532171429
1.519742857
1.516
1.5553
1.5659
1.570642857
1.527642857
1.511342857
1.536342857
1.540971429
1.534414286
1.500314286
1.445242857
1.422671429
1.448457143
1.434014286
1.448428571
1.434142857
1.472957143
1.485685714
1.5158
1.5265
1.5393
1.563728571
1.572871429
1.569685714
1.536071429
1.5412
1.554357143
1.5376
1.5224
1.505971429
1.479
1.506185714
1.4905
1.489442857
1.5048
1.486528571
1.496985714
1.4695
1.506928571
1.498885714
1.507828571
1.545857143
1.536757143
1.5135
1.504557143
1.5281
1.515971429
1.485742857
1.4837
1.482
1.481228571
1.477885714
1.483557143
1.486971429
1.495014286
1.487571429
1.499
1.485785714