2.42975228
2.506505032
2.767155866
2.940018155
3.16879202
3.450403086
3.594171479
3.77400573
3.694605199
3.411114419
2.718501689
1.991226076
2.264817823
2.445604203
2.611723308
3.358886204
3.42894429
3.532627001
3.261024834
2.611723308
2.178976947
1.653212514
1.832508913
2.328379603
2.737192643
3.014100322
3.328175661
3.404149249
2.980911938
2.557507202
2.57634135
2.352182518
2.556302501
2.863917377
3.214313897
3.435366507
3.458033192
3.326130957
2.835056102
2.475671188
2.372912003
2.389166084
2.741939078
3.21031852
3.519959181
3.827433895
3.628797486
2.836956737
2.40654018
2.674861141
2.553883027
2.894316063
3.202488317
3.224274014
3.352375495
3.154119526
2.878521796
2.475671188
2.303196057
2.359835482
2.671172843
2.866877814
3.310055738
3.448860846
3.64650175
3.399846713
2.589949601
1.86332286
1.591064607
1.69019608
1.770852012
2.274157849
2.57634135
3.111262514
3.605412798
3.54344718
2.768638101
2.021189299
2.184691431
2.587710965
2.879669206
3.116275588
3.539703239
3.844539302
3.800235789
3.579097327
3.263872677
2.537819095
2.582063363
2.907411361
3.142389466
3.433449794
3.579783597
3.490099005
3.474944335
3.57863921
2.828659897
1.908485019
1.903089987
2.033423755
2.359835482
2.600972896
3.053846427
3.385963571
3.553154548
3.467608106
3.186673867
2.723455672
2.685741739
2.820857989
3
3.201397124
3.424391554
3.530967682