15835.42969
15668.62988
15864.57031
15657.79004
15645.29981
16007.41016
16264.58984
16401.10938
16342.51953
16354.70996
16172.74023
16299.34961
16578.5
16605.48047
16501.5
16599.91992
16550.4707
16670.38086
17011.13086
17088.75977
17127.60938
17295.58008
17340.14063
17365.57031
17498.88086
17455.0293
17460.67969
17297.17969
17232.2793
17319.33008
17233.73047
16971.75977
17405.91992
17391.93945
17332.34961
17245.61914
16929.35938
16993.23047
17118.91992
17039.36914
16929.83008
16920.13086
17334.18945
17253.81055
17161.4707
16887.36914
16655.98047
16395.88086
16508.89063
16259.01953
16089.25
16041.17969
16254.55957
15722.04981
15676.63965
15809.33008
15827.87012
16111.54004
15920.79004
15660.87012
15603.25
15600.28027
15719.30957
15500.91992
15285.04981
14990.04004
14530.5
14685.45996
14650.58984
14084.51953
14453.33008
14679.34961
14815.86035
14811.11035
14712.86035
14812.16992
15001.76953
15080.23047
15165.62988
14998.00977
14981.7002
15333.09961
15573.34961
15677.04004
15504.16992
15455.17969
15428.32031
15149.91016
15485.25977
15405.41992
15127.74023
14914.00977
14714.17969
14503.83008
14713.55957
14825.16016
14700.58008
14970.59961
15065.57031
14883.5
15217.44043
15462.38965
15387.51953
15341.53027
15527.26953
15502.55957
15494.46973
15234.38965
15417.01953
15585.08984
15622.24023
15550.95996
15831.69043
15970.59961
16142.55957
16052.58008
16104.5
15994.99023
16161.82031
16088.54004
15955.75977
15953.08008
15881.91992
15929.90039
15884.61035
16072.80957
16280.17969
16357.29004
16350.26953
16141.94043
15907.96973
16053.12988
15843.79981
15889.5
15831.71973
15872.29004
15948.46973
15757.96973
15820.11035
15706.84961
15550.55957
15594.48047
15692.98047
15970.38965
16097.08008
16169
16198.54981
16288.91992
16291.79004
16444.71094
16325.48047
16497.26953
16386.36914
16494.49023
16663.2207
16704.85938
16519.91016
16673.25977
16556.08984
16641.32031
16853.73047
16837.80078
16794.41016
16879.33008
16544.5
16389.44922
16338.71973
16281.9502
16278.78027
16509.78906
16404.05078
16218.86035
16133.91016
16016.41992
16178.80957
16348.74023
16292.48047
16182.30957
16004.33984
15766.42969
15680.53027
15784.25977
15615.55957
15711.71973
15948.69043
16183.29981
16313.01953
16263.98047
16370.55957
16309.79981
16461.91016
16429.80078
16487.30078
16621.68945
16609.25
16714.33984
16927.93945
16962.65039
16883.85938
16829.58008
17040.92969
17011.41992
17104.80078
17070.32031
17207.11914
17290.10938
17228.49023
17322.5
17315.53906
17018.89063
17192.41992
16958.57031
16979.73047
17160.25
17190.90039
17153.25
17248.14063
17340.38086
17429.90039
17350.31055
17505.31055
17604.59961
17368.05078
17393.18945
17510
17493.83008
17377.0293
17569.16016
17531.41016
17384.5
17367.91016
17368.34961
17339.56055
17481.76953
17662.28906
17891.24023
17828.7793
17835.13086
17919.33008
17896.59961
18033.23047
18113.56055
18219.75
18239.30078
17843.60938
17542.23047
17351.40039
16992.43945
16654.84961
16982.30078
16729.78906
17224.66992
17312.14063
17268.71094
16936.18945
16803.99023
16779.48047
16713.99023
17155.34961
17383.61914
17519.50977
17517.91992
17357.25977
17328.11914
17119.94922
17318.84961
17346.25
17154.7793
17400.67969
17507.46094
17502.90039
17606.0293
17631.01953
17699.39063
17601.65039
17629.01953
17507.17969
17750.66992
17557.40039
17530
17471.56055
17589.60938
17363.83984
17379.51953
17359.83984
17377.03906
17396.30078
17310.75
17564.16992
17651.4707
17616.58008
17793.49023
17616.01953
17682.74023
17577.14063
17487
17586.33008
17563.5293
17455.55078
17578.31055
17763.15039
17680.44922
17529.26953
17544.98047
17524.82031
17664.36914
17715.76953
17949.91992
18067.90039
18019.78906
18001.19922
17879.00977
17904.67969
17899.01953
17845.2207
17631.86914
17834.7793
17945.83984
18127.41016
18131.58984
18173.07031
18117.30078
18177.89063
18107.67969
18098.33008
17981.76953
17915.63086
18010.5
18139.03906
18206.49023
18158.76953
18191.89063
18184.64063
18226.07031
18244.68945
18116.66016
18105.89063
18161.01953
18269.35938
18136.06055
18095.94922
18148.59961
17995.71094
17998.75977
17810.9707
17807.23047
17454.58984
17138.5293
17318.00977
17169.19922
16956.33008
17019.80078
16781.14063
17009.63086
16930.39063
17170.35938
16923.21094
16791.80078
16824.63086
16659.07031
16296.40039
16035.37988
15477.25977
15773.86035
15866.59961
16093.82031
16286.00977
16429.00977
16214.08984
16068.09961
16182.08984
16270.99023
16511.07031
16445.73047
16506.10938
16003.87988
16179.78027
15906.51953
15787.86035
15978.78027
15886.75977
15895.04981
16037.49023
16038.12012
16474.66016
16284.42969
16317.19043
16388.50977
16551.93945
16903.64063
16773.09961
17027.91992
17066.14063
17085.32031
17070.60938
17166.16992
17231.14063
17188.81055
17417.93945
17399.66992
17267.07031
17114.19922
16974.68945
16965
16563.57031
16486.71094
16518
16368.01953
16358.61035
16613.30078
16655.31055
16620.58984
16812.90039
16647.40039
16458.14063
16152.58008
16325.17969
15889.03027
15675.48047
15377.37012
15148.16016
15311.37988
15536.34961
15238.73047
15177.16992
14868.98047
15113.83008
14726.62012
14921.57031
14953.92969
15271.13965
15339.61035
15520.53027
15747.46973
15613.88965
15418.9502
15782.40039
15992.24023
16007.33008
16003.08984
15828.65039
15818.48047
15547.19043
15433.29981
15099.2002
15165.08984
15151.37012
15044.34961
15441.33008
15613.95996
15616.41016
14549.37988
14429.29981
14364.70996
14546.32031
14419.42969
14134.91016
13796.73047
13596.37988
13577.5
13701.42969
13125.23047
12756.30957
12952.5
13258.76953
13482.83984
13246.69043
13500.51953
13227.48047
13517.74023
13642.59961
13806.16992
13548.53027
13077.25
13143.08008
12998.87012
13162.9502
13254.58984
13508.53027
13627.30957
13761.75977
13729.75
13462.71973
13530.19043
13612.30957
14036.88965
14007.32031
13877.87988
13735.44043
13412.87012
13080.29004
12973.03027
13068.88965
13024.61035
12716.83984
12392.30957
12841.87988
12741.25977
12509.80957
12089.03027
11828.99023
12142.33008
12331.63965
12473.05957
12639.74023
12648.96973
12618.41992
12594.33984
12709.28027
12539.79981
12836.41016
13190.16016
13286.34961
13240.55957
13373.95996
13295.16016
13029.80957
13061.76953
13132.66992
12952.65039
13130.66016
13315.83008
13426.25977
13639.84961
13587.50977
13455.55957
13613.83008
13614.53027
13907.96973
13802.94043
13802.58984
13944.25977
14147.57031
14008.19043
13941.29981
13565.91016
13814.38965
13961.95996
14167.01953
14363.62012
14294.51953
14220.12012
14002.51953
13772.65039
13945.09961
13875.98047
13750.82031
13937.13965
13832.65039
14195.66016
14342.95996
14275.61035
14270.07031
14392.58984
14530.36035
14275.33984
14281.36035
14137.54004
14010.32031
14011.12012
14118.23047
14387
14301.36035
14324.70996
14171.01953
13769.44043
13766.28027
13820.78027
13845.41016
13605.25977
13584.50977
13514.86035
13489.87012
13161.78027
13285.49023
13212.79981
13286.5
13169.88965
12934.30957
13063.5
13022.29004
12902.12988
12725.12012
12889.79981
12976.21973
12944.55957
13259.65039
13411.28027
13452.37012
13407.36035
13220.33008
13267.37012
13410.40039
13276.57031
13083.28027
12957.00977
13059.42969
13257.99023
13026.53027
13259.45996
13397.99023
13205.63965
12942.61035
12991.91016
12971.49023
13016.5
12753.98047
12885.33984
12727.37012
12797.54004
12711.03027
12734.38965
12827.71973
12925.4502
12936.80957
12779.88965
12703.36035
12627.63965
12385.65039
12359.92969
12529.95996
12249.13965
12237.51953
12256.78027
12028.4502
11737.62012
11576.94043
11631.59961
12037.88965
12031.98047
11925.70996
12026.33984
11883.25
11565.7002
11396.61035
11423.12988
11052.09961
10817.26953
10328.54004
10011.63965
9168.160156
9016.339844
8407.94043
9390.5
9400.849609
8579.570313
8775.240234
9139.259766
9198.139648
8547.790039
8391.040039
7568.359863
7143.339844
7741.52002
8269.709961
8958.219727
8702.769531
9224.049805
9373.650391
8774.490234
8711.990234
8965.290039
8694.910156
8564.469727
8378.129883
8366.879883
8415.599609
8309.349609
8149.77002
7600.350098
8026.060059
8229.719727
8311.240234
8400.049805
8464.360352
8266.320313
7965.310059
8030.200195
7975.049805
7970.689941
8362.370117
8376
8642.259766
8599.120117
8349.849609
8608.400391
8658.219727
8565.160156
8640.219727
8602.5
8630.25
8531.509766
8642.139648
8726.30957
8991.209961
9130.009766
9133.799805
9143.209961
8932.709961
8732.629883
8425.75
8309.379883
8125.200195
8318.259766
8187.140137
7949.959961
7988.299805
7965.410156
7714.259766
7782.899902
8052.25
8201.160156
8142.879883
7908.509766
7862.950195
7897.240234
7985.529785
8054.27002
8178.069824
8066.939941
7842.529785
7789.350098
7732.680176
7690.129883
7539.959961
7604.220215
7544.069824
7314.299805
7266.680176
7368.439941
7470.600098
7463.419922
7454.279785
7177.790039
7146.709961
7336.02002
7328.290039
7191.129883
7059.77002
7165.390137
7320.450195
7301.120117
7630.200195
7767.339844
8006.859863
8017.930176
7943.140137
8334.679688
8499.69043
8430.219727
8711.719727
8621.849609
8199.429688
8173.359863
8453.730469
8814.099609
8856.839844
8838.660156
8746.730469
8665.160156
9041.230469
8930.349609
8955.900391
8777.679688
8848.429688
8854.330078
8899.589844
8802.089844
8777.530273
8776.94043
8832.099609
8783.339844
8678.280273
8615.450195
8848.839844
9102.349609
9351.400391
9460.719727
9358.25
9305.790039
9212.299805
9150.209961
9167.049805
9172.55957
9372.719727
9280.349609
9156.139648
9245.950195
9364.219727
9426.620117
9353.330078
9478.209961
9517.490234
9774.549805
9723.820313
9690.929688
9752.509766
9829.280273
9824.169922
9833.639648
9992.980469
10088.20996
10126.54981
9914.400391
9705.730469
9778.349609
9757.849609
9788.070313
9695.759766
9596.780273
9628.179688
9852.919922
9866.280273
9896.55957
9889.339844
9993.769531
9751.69043
9738.490234
9713.620117
9548.80957
9342.330078
9338.759766
9242.129883
9173.139648
9307.450195
9393.980469
9413.860352
9512.519531
9642.790039
9712.099609
9909.400391
10020.87012
10116.88965
10035.91016
10155.70996
10275.13965
10355.23047
10438.40039
10405.04981
10266.00977
10365.70996
10530.62012
10514.74023
10486.36035
10508.08984
10551.33008
10521.01953
10208.12012
10269.96973
10254.53027
10375.21973
10389.57031
10515.57031
10554.44043
10570.78027
10546.87988
10608.16016
10378.08008
10240.01953
10256.49023
10288.55957
10353.50977
10343.79981
10385.34961
10519.33008
10388.32031
10255.73047
10288.71973
10373.25
10379.20996
10405.53027
10395.4502
10136.24023
10089.11035
10105.16992
10072.63965
9848.070313
9733.070313
9744.419922
9750.240234
9806.030273
9893.629883
10066.84961
10096.00977
10194.91016
10276.40039
10179.45996
10329.29981
10292.38965
10251.08984
10335.33984
10271.83984
10283.45996
10182.13965
9941.570313
10006.83984
9903.769531
9785.280273
9803.5
9812.730469
9777.639648
9904.679688
9890.179688
9921.450195
9793.19043
9784.139648
9834.580078
9723.230469
9691.860352
9460.209961
9511
9381.900391
9354.799805
9257.200195
9189.169922
9281.820313
9551.790039
9707.019531
10019.24023
10131.90039
10079.80957
10048.94043
9964.049805
9958
10126.61035
10053.4502
10179.33008
10199.91992
10110.63965
10196.70996
10256
10413.37012
10546.96973
10521.80957
10611.84961
10707.50977
10609.33984
10719.44043
10709.54981
10742.75
10743.29981
10770.34961
10795.48047
10778.07031
10917.41016
10887.61035
10866.83008
10834.91016
10704.79004
10740.20996
10478.30957
10506.15039
10344.07031
10309.73047
10308.04981
10212.36035
10310.98047
10428.12012
10434.51953
10162.33984
10007.46973
9876.610352
10024.25977
10085.34961
10097.82031
10044.53027
10161.71973
10324.98047
10334.40039
10302.07031
10327.63965
10205.15039
10256.09961
10107.08008
10128.73047
10199.19043
10193.9502
10255.69043
10254.61035
10538.12012
10567.32031
10555.84961
10627.99023
10777.49023
10802.11035
10718.62988
10789.24023
10841.70996
10785.87988
10793.04981
10829.36035
10857.80957
10895.29004
10909.98047
11022.2002
11138.71973
11178.91992